1001	Movie 1	Action	9.7	46.4	129	2013
1002	Movie 2	Comedy	3	111.8	101	1999
1003	Movie 3				113	2015
1004	Movie 4	Comedy	6.8	30.87	110	2004
1005	Movie 5	Horror		122.98	110	2008
1006	Movie 6	Action	1.9	60.73	127	2020
1007	Movie 7	Comedy	1.6	79.66	93	2017
1008	Movie 8	Sci-Fi	4.7	88.21	129	2004
1009	Movie 9	Action	1.4	234.42	88	1996
1010	Movie 10	Horror		925.84	84	2010
1011	Movie 11	Romance	7.7	164.9	135	2017
1012	Movie 12	Romance		72.26	79	1990
1013	Movie 13	Drama	7.9	10.36	83	2014
1014	Movie 14	Romance	2.3	288.66	101	2019
1015	Movie 15	Sci-Fi	5	124.87	143	2017
1016	Movie 16	Comedy	10	46.3	85	2010
1017	Movie 17	Sci-Fi	5.4	133.97	110	2013
1018	Movie 18	Romance	9.7	67.7	115	1994
1019	Movie 19	Romance	7.1	22.63	100	2004
1020	Movie 20	Action	4.5	19.35	128	2021
1021	Movie 21	Action	4.1	136.48	93	1995
1022	Movie 22	Comedy	3.8	19.91	63	2015
1023	Movie 23	Drama	8.9		142	2003
1024	Movie 24	Action	6.3	22.82	100	2015
1025	Movie 25	Action	3.9		103	2019
1026	Movie 26	Action	2.6	28.72	123	2002
1027	Movie 27	Action	7.2	139.59	105	2020
1028	Movie 28	Action	3.3	94.4	98	2001
1029	Movie 29	Drama	5.5	36.82	83	2018
1030	Movie 30	Action	9	692.68	84	2007
1031	Movie 31	Comedy		607.59	91	1993
1032	Movie 32	Drama	2.8	46.18	112	2005
1033	Movie 33	Action	7.2	65.8	73	1991
1034	Movie 34	Action	1.5	42.37	53	1998
1035	Movie 35	Action	3	27.11	89	2003
1036	Movie 36	Romance	4.8		89	2014
1037	Movie 37	Action	4.6	59.68	133	1992
1038	Movie 38	Action	1.6	20.32	88	2017
1039	Movie 39	Horror		30.02	83	2000
1040	Movie 40	Romance	3	16.27	69	1992
1041	Movie 41	Romance		125.35	99	2016
1042	Movie 42	Romance	2.7	172.01	104	1999
1043	Movie 43	Romance	6.5	64.16	107	2006
1044	Movie 44	Horror	6.7	45.79	109	2020
1045	Movie 45	Sci-Fi	7.2	23.97	115	1991
1046	Movie 46	Comedy	3.5	97.05	89	2011
1047	Movie 47	Action	6.7	55.26	107	1998
1048	Movie 48	Romance	3.7	31.04	117	2013
1049	Movie 49	Action	3.4	42.99	109	1996
1050	Movie 50	Comedy	1.2	107.59	91	2014
1051	Movie 51	Drama	4.9	250.42	115	2004
1052	Movie 52	Comedy	4.6		121	1997
1053	Movie 53	Romance	3.5	85.59	126	2006
1054	Movie 54	Action	2.3	43.72	107	1993
1055	Movie 55	Action	4.8	416.14	123	2020
1056	Movie 56	Comedy	7.5	74.15	101	1996
1057	Movie 57	Sci-Fi	2.6		88	2012
1058	Movie 58	Drama	3.2	126.24	131	2002
1059	Movie 59	Sci-Fi	8.3	92	52	2005
1060	Movie 60	Romance	1.2	299.38	114	2004
1061	Movie 61	Action	1.4	397.07	63	2014
1062	Movie 62	Comedy			95	1996
1063	Movie 63	Horror	7.8	704.47	108	2005
1064	Movie 64	Comedy	5	12.79	108	2005
1065	Movie 65		7.1	50.18	107	1998
1066	Movie 66	Action	6.5	122.2	106	1991
1067	Movie 67	Action	5	20.5	112	2014
1068	Movie 68	Sci-Fi	5.7		87	2004
1069	Movie 69	Sci-Fi	7.4		122	2001
1070	Movie 70	Drama	9.6		85	2004
1071	Movie 71	Romance	4	31.44	130	1997
1072	Movie 72		4.7	31.51	120	1991
1073	Movie 73	Comedy	6.3	470.13	73	2009
1074	Movie 74	Drama	6.7		118	2000
1075	Movie 75	Horror	7.5	162.71	76	2007
1076	Movie 76	Horror		129.16	114	1996
1077	Movie 77	Romance	4	44.64	117	1997
1078	Movie 78	Action	3.4	45.25	97	2018
1079	Movie 79	Comedy	6	415.73	116	1993
1080	Movie 80	Action	8.5	55.02	104	2000
1081	Movie 81	Horror	3.1	694.41	151	2000
1082	Movie 82	Horror	4.9	80.48	78	2006
1083	Movie 83	Action	3.3	21.83	73	2021
1084	Movie 84	Action	2.2	82.01	87	2021
1085	Movie 85	Romance	9.9	239.42	101	1995
1086	Movie 86	Comedy	5.5	18.94	96	2002
1087	Movie 87	Romance	8.8	85.49	96	1993
1088	Movie 88	Horror	4.8	133.41	99	2013
1089	Movie 89	Horror	9.3	64.65	118	2009
1090	Movie 90	Romance	6.6	266.07	102	2002
1091	Movie 91	Action	2.9	24.02	104	2023
1092	Movie 92	Sci-Fi	9.5	116.67	112	1995
1093	Movie 93		8.4		109	1998
1094	Movie 94	Action	5.8	44.85	98	1999
1095	Movie 95	Horror	4.3	378.13	131	2003
1096	Movie 96	Action	3.4	68.09	123	1998
1097	Movie 97	Sci-Fi	1.7	63.24	121	2015
1098	Movie 98	Action	8.5	214.42	106	1993
1099	Movie 99	Action	4.9	299.67	125	2001
1100	Movie 100	Drama	3.3	45.44	114	2012
1101	Movie 101	Drama	9.5		111	2004
1102	Movie 102	Action	3.9	361.11	91	2019
1103	Movie 103	Action	5.1	617.83	105	2015
1104	Movie 104	Action	6.5	166.42	145	2019
1105	Movie 105	Comedy	3.7	64.68	101	2012
1106	Movie 106	Sci-Fi	8.1	94.21	70	1992
1107	Movie 107	Action	1.3	12.2	88	2005
1108	Movie 108	Romance	6.9	51.19	94	1990
1109	Movie 109		5.1	64.94	111	1996
1110	Movie 110	Sci-Fi	5.6	210.86	142	2011
1111	Movie 111	Horror	4.6	75.65	84	1990
1112	Movie 112	Horror	6.7	18.42	74	2023
1113	Movie 113	Comedy	2.2	32.78	103	2008
1114	Movie 114	Comedy	7.2	221.99	88	1992
1115	Movie 115	Action	2.8	3278.07	80	2005
1116	Movie 116	Horror	2.7	28.89	118	2009
1117	Movie 117	Drama	7	26.9	127	2001
1118	Movie 118	Drama	2.5	71.81	104	2019
1119	Movie 119	Drama	3.8	53.91	96	2012
1120	Movie 120	Horror		145.31	107	2018
1121	Movie 121	Action	3.4	6.72	66	2003
1122	Movie 122	Action		157.6	101	2016
1123	Movie 123	Romance	2.1	68.61	152	2009
1124	Movie 124	Action	8.7		77	2019
1125	Movie 125	Action	9.7	338.83	126	1998
1126	Movie 126	Drama	8.1	32.75	119	2011
1127	Movie 127	Action	2.1	142.22	101	2008
1128	Movie 128		2.5		97	2006
1129	Movie 129	Comedy	8.3	165.14	155	1992
1130	Movie 130	Romance	4.4	291.72	69	1994
1131	Movie 131	Comedy	7.9	37.19	145	2004
1132	Movie 132	Action	2	86.36	119	2005
1133	Movie 133	Comedy	6.4	35.64	131	2000
1134	Movie 134	Horror	1.4	272.3	133	2010
1135	Movie 135	Horror	1.9	26.09	112	1997
1136	Movie 136	Drama	7.3	153.58	94	2002
1137	Movie 137	Comedy	1.9	343.95	156	2008
1138	Movie 138	Horror	6.8	114.23	85	1999
1139	Movie 139	Action	7.3	46.23	100	2012
1140	Movie 140	Sci-Fi		22.53	127	1998
1141	Movie 141		1.2	178.02	106	2002
1142	Movie 142	Horror	6.7	11.54	113	2012
1143	Movie 143	Action	7.4	6.26	91	1998
1144	Movie 144	Sci-Fi	3.5		73	2023
1145	Movie 145	Sci-Fi	6.9	70.68	103	2022
1146	Movie 146	Romance	3.1	7.05	117	1992
1147	Movie 147	Romance	8.7	13.15	149	2018
1148	Movie 148	Romance		433.02	94	2012
1149	Movie 149	Drama	1.2	40.82	134	1998
1150	Movie 150	Action	9.3	50.4	100	1995
1151	Movie 151	Romance	4.4	62.94	105	2007
1152	Movie 152	Drama	9.7	644.11	114	2001
1153	Movie 153	Comedy	1.6	45.27	113	2003
1154	Movie 154	Action	9.8	59.99	92	1993
1155	Movie 155	Action	1.6		96	2023
1156	Movie 156	Comedy		55.03	102	2022
1157	Movie 157	Action	3.3	66.43	66	2004
1158	Movie 158	Sci-Fi	5.9	48.66	67	1998
1159	Movie 159	Drama	8.4	236.06	125	2022
1160	Movie 160	Comedy	5.7	280.19	117	2016
1161	Movie 161	Action	5.4	349.37	78	2016
1162	Movie 162	Drama			109	2020
1163	Movie 163	Drama	7	107.27	103	1996
1164	Movie 164	Horror	8.4		102	2000
1165	Movie 165	Comedy	7.3	74.54	95	2006
1166	Movie 166		1.3	117.64	118	2023
1167	Movie 167	Action	6.1		107	1995
1168	Movie 168		9.8	137.38	99	1994
1169	Movie 169	Drama	7.9	55.09	148	2023
1170	Movie 170	Romance	3.4	131.58	130	1998
1171	Movie 171	Action	6.9	213.52	99	2009
1172	Movie 172	Action		49.46	105	2007
1173	Movie 173	Romance	3		112	2020
1174	Movie 174		9.7	106.38	119	2000
1175	Movie 175	Drama	2	31.94	107	2012
1176	Movie 176	Horror	8.4	43.68	108	1998
1177	Movie 177	Sci-Fi	1.2	111.18	114	1992
1178	Movie 178	Horror	7.3	117.29	102	2020
1179	Movie 179	Drama	8.6		159	1990
1180	Movie 180	Romance	6.1		77	2022
1181	Movie 181	Action	1.8	52.98	94	1991
1182	Movie 182	Horror	6.8	42.06	135	2022
1183	Movie 183	Drama	6.8	695.39	68	2002
1184	Movie 184	Sci-Fi	3.6		81	2021
1185	Movie 185	Sci-Fi	5	59.62	121	2018
1186	Movie 186	Horror	6.4	24.76	98	2010
1187	Movie 187	Action	8.8	64.16	75	1996
1188	Movie 188	Drama	1.3		93	1992
1189	Movie 189	Sci-Fi	4.1	28.94	97	1993
1190	Movie 190	Comedy	8	68.85	115	2003
1191	Movie 191	Horror	3.1	140.11	72	2022
1192	Movie 192	Horror	7	43.62	122	1994
1193	Movie 193	Action	1.2	50.5	91	2008
1194	Movie 194	Action		58.95	79	2000
1195	Movie 195	Sci-Fi			140	2003
1196	Movie 196	Action		157.52	146	1997
1197	Movie 197		4	97.54	159	2003
1198	Movie 198	Drama	5.8	20.28	154	2012
1199	Movie 199		4.2	178.51	128	1993
1200	Movie 200	Drama	3.8	41.86	89	1997
1201	Movie 201		8.8	45.09	124	1996
1202	Movie 202	Action	5.6	56.43	132	1992
1203	Movie 203	Horror	7.4	36.86	102	1994
1204	Movie 204		7.8	30.03	89	2007
1205	Movie 205	Action	6.1	21.99	82	1995
1206	Movie 206	Drama	6.9	69.08	105	2002
1207	Movie 207		8.4	68.39	111	2015
1208	Movie 208	Horror	4.4	198.43	107	2020
1209	Movie 209	Action	4.9		144	1994
1210	Movie 210	Drama	3.8	153.22	90	2009
1211	Movie 211	Sci-Fi	3.9	663.98	54	2012
1212	Movie 212	Romance	8.8	63.21	97	2001
1213	Movie 213	Drama	1.7	23.54	53	2021
1214	Movie 214	Drama	2.4	15.29	63	2013
1215	Movie 215			85.31	111	2022
1216	Movie 216	Romance	8.2		75	2015
1217	Movie 217	Sci-Fi	9.7	12.98	91	1991
1218	Movie 218	Action	9	83.86	108	2017
1219	Movie 219	Action	5	30.5	69	2004
1220	Movie 220	Drama	6.8	207.88	82	2001
1221	Movie 221	Romance		30.47	102	2009
1222	Movie 222	Horror	3.4		112	2007
1223	Movie 223	Comedy	6	285.53	109	2023
1224	Movie 224	Action	8.4	93.07	106	2008
1225	Movie 225	Action	1	222.83	66	1999
1226	Movie 226		5.2	45.79	108	2006
1227	Movie 227	Action	8.6		101	2012
1228	Movie 228	Drama	9.1	104.61	107	2012
1229	Movie 229	Sci-Fi	3.6	46	83	2002
1230	Movie 230	Action	6.6	31.02	114	2021
1231	Movie 231	Horror	7.2	87.52	120	1990
1232	Movie 232	Action	1.9	645.54	102	2010
1233	Movie 233	Horror	9.2	9.55	109	2023
1234	Movie 234	Horror	1.3	32.37	108	2019
1235	Movie 235	Romance	9.3	45.25	84	1990
1236	Movie 236	Horror	2.7	56.85	83	2006
1237	Movie 237	Horror	5.4		131	2014
1238	Movie 238	Horror	5.4	26.34	93	2001
1239	Movie 239	Action	1.2	29.13	130	2022
1240	Movie 240	Romance	2.6	83.89	93	2015
1241	Movie 241	Drama	2	87.67	97	1997
1242	Movie 242	Horror	7.2	21.03	102	1993
1243	Movie 243	Action	6	123.67	88	2017
1244	Movie 244	Sci-Fi	2.6	65.41	89	2014
1245	Movie 245	Horror		159.77	111	2009
1246	Movie 246		6.7	3.82	99	1992
1247	Movie 247	Action	2.3	85.94	137	1991
1248	Movie 248	Romance	6.3	2.76	122	1993
1249	Movie 249	Horror	1.6	328.53	114	1995
1250	Movie 250	Drama	9.6	107.9	74	2017
1251	Movie 251	Action	9.7	159.65	100	2001
1252	Movie 252	Comedy	5.1		94	1990
1253	Movie 253	Action	8.7	10.35	87	1998
1254	Movie 254	Action	1	36.7	68	2009
1255	Movie 255	Romance	8.1	112.34	85	2018
1256	Movie 256	Sci-Fi	9.2	38.17	72	2009
1257	Movie 257	Drama	1.8	753.12	131	1990
1258	Movie 258	Drama		131.85	117	2013
1259	Movie 259	Action	8.1	351.25	83	2012
1260	Movie 260	Romance	7.7	256.15	96	2009
1261	Movie 261	Romance	8.8	74.2	124	2020
1262	Movie 262	Sci-Fi	7.6	15.14	80	1994
1263	Movie 263	Comedy	5.1		114	2018
1264	Movie 264	Drama	6.9	16.33	114	1993
1265	Movie 265	Romance	9.5	33.96	102	1998
1266	Movie 266	Comedy	8.4	21.67	101	2019
1267	Movie 267	Romance		18.46	95	2012
1268	Movie 268	Comedy	4.5		102	2004
1269	Movie 269	Romance	8.7	74.1	87	2003
1270	Movie 270	Action	4.8	129.55	128	1990
1271	Movie 271	Horror	7.2	37.42	104	2003
1272	Movie 272	Comedy	1.1	231.66	92	1996
1273	Movie 273	Horror	8.7		105	2010
1274	Movie 274	Action	9.8	275.02	123	2021
1275	Movie 275	Comedy	3.4	75.97	76	2011
1276	Movie 276	Action	5.7	494.32	110	2023
1277	Movie 277	Horror	3.1	150.5	101	1998
1278	Movie 278	Comedy	4.5	278.65	117	2014
1279	Movie 279	Horror	1.5	101.57	133	2007
1280	Movie 280	Action		512.57	123	2020
1281	Movie 281	Action	1	245.52	117	1990
1282	Movie 282	Romance	2.3	59.61	97	2008
1283	Movie 283	Action		226.44	104	2003
1284	Movie 284	Horror	5.4		90	2006
1285	Movie 285	Horror	1.5	18.41	94	2022
1286	Movie 286	Horror	5	16.79	91	2007
1287	Movie 287	Action	8.9	157.02	115	1992
1288	Movie 288	Action	7.1	16.8	84	2012
1289	Movie 289		1.5	32.48	103	2005
1290	Movie 290	Romance	7.7	97.14	106	2014
1291	Movie 291	Action	1.4	342.91	100	2015
1292	Movie 292	Action		577.69	107	1991
1293	Movie 293	Drama	7.1	41.07	104	1996
1294	Movie 294	Action		62.67	102	2012
1295	Movie 295	Action	9.9	236.6	89	2010
1296	Movie 296	Action	3.9	86.09	91	2015
1297	Movie 297	Romance	3	98.55	119	2014
1298	Movie 298	Comedy	6.8	8.15	135	1998
1299	Movie 299	Action	3	174.87	103	2007
1300	Movie 300	Sci-Fi	7.7	129.02	116	2011
1301	Movie 301	Romance	7.9	35.45	104	2002
1302	Movie 302	Comedy	9.9	111.77	70	2008
1303	Movie 303	Sci-Fi	5.5	27.1	105	1999
1304	Movie 304	Sci-Fi	4.7	718.1	106	2013
1305	Movie 305	Sci-Fi	5.2	76.83	119	1993
1306	Movie 306	Sci-Fi	6.9	25.56	115	2008
1307	Movie 307	Drama		93.33	105	2003
1308	Movie 308	Action	4.4	60.19	84	1998
1309	Movie 309		7.2		92	1990
1310	Movie 310	Sci-Fi	5.2	32.8	106	2017
1311	Movie 311	Drama	1.9	13.21	117	1999
1312	Movie 312	Action	8.4		132	2008
1313	Movie 313	Drama	1.8	79.55	135	2010
1314	Movie 314	Romance	2.9	202.46	119	2016
1315	Movie 315	Romance	4.1	474.2	76	2011
1316	Movie 316	Romance	6.2	207.14	129	1996
1317	Movie 317	Action		23.62	115	1993
1318	Movie 318	Action	8	6.43	112	2006
1319	Movie 319	Comedy	4.6	28.65	85	2016
1320	Movie 320		2.9	18.61	113	1994
1321	Movie 321	Sci-Fi	5	25.38	103	2004
1322	Movie 322	Action	9.5	12.67	128	2023
1323	Movie 323	Drama	4.1	18.9	114	2005
1324	Movie 324	Drama		21.56	131	2002
1325	Movie 325	Drama	6.2	143.23	115	2002
1326	Movie 326	Comedy	1.7	231.54	117	2023
1327	Movie 327	Romance	6	23.31	78	2019
1328	Movie 328	Horror	1.5	15.25	98	2013
1329	Movie 329	Drama	8.1	210.11	113	2018
1330	Movie 330	Action	3.1	71.67	104	1995
1331	Movie 331	Romance	3.3	211.9	113	2015
1332	Movie 332	Drama	6.4	112.01	134	1993
1333	Movie 333	Romance	4.1	44.84	130	1999
1334	Movie 334	Action	3.6	126.75	75	2018
1335	Movie 335	Sci-Fi	5.6	36.15	99	2017
1336	Movie 336	Action			73	2007
1337	Movie 337	Drama	6.8	5.03	93	1992
1338	Movie 338	Romance	9	29.59	98	2002
1339	Movie 339	Action	7.8	22.42	98	2009
1340	Movie 340	Action	4.6	60.87	124	2003
1341	Movie 341	Horror	1.3	73.17	70	1991
1342	Movie 342	Sci-Fi	3.5	109.69	84	2002
1343	Movie 343	Horror	2.3		122	2015
1344	Movie 344	Sci-Fi	6.9	66.28	70	2010
1345	Movie 345	Action		1940.71	71	2020
1346	Movie 346	Sci-Fi		22.66	152	2019
1347	Movie 347	Romance	4.4	110.46	93	1994
1348	Movie 348	Action	5.9	49.48	81	2004
1349	Movie 349		8.9	65.16	121	1999
1350	Movie 350	Comedy	7.3	47.18	73	2016
1351	Movie 351	Comedy		69.44	101	2013
1352	Movie 352	Romance	6	640.5	132	2002
1353	Movie 353	Action	7.6		109	2006
1354	Movie 354	Action	9.4	300.57	97	2001
1355	Movie 355	Horror	3.7	85.4	114	2012
1356	Movie 356	Action	2.5	134.15	80	2000
1357	Movie 357	Comedy	4	22.91	93	2019
1358	Movie 358	Comedy	4.4	69.52	93	1998
1359	Movie 359	Sci-Fi	9.5	44.65	93	2013
1360	Movie 360	Action	1.7	110.19	133	2008
1361	Movie 361	Horror	7.3		129	2019
1362	Movie 362	Sci-Fi	2.5	80.8	96	1990
1363	Movie 363	Action	7.1	28.9	132	2009
1364	Movie 364	Romance	4	44.56	101	2007
1365	Movie 365	Action	8.6	22.34	127	2021
1366	Movie 366	Horror	1.8	78.88	143	2017
1367	Movie 367	Sci-Fi	9	180.07	121	2014
1368	Movie 368	Comedy	2.1	202.88	124	2021
1369	Movie 369	Action	8.1		86	2017
1370	Movie 370	Horror	8.9	233.19	106	2002
1371	Movie 371	Action	6.5	76.42	111	2013
1372	Movie 372	Drama	3.9	48.67	80	2001
1373	Movie 373	Romance		105.33	117	1999
1374	Movie 374	Drama	6.4	46.15	105	2020
1375	Movie 375	Sci-Fi	8.5	94.74	104	1991
1376	Movie 376	Romance			78	2011
1377	Movie 377	Action		35.19	125	2011
1378	Movie 378	Action	6.7	112.35	69	2014
1379	Movie 379	Sci-Fi	8.8		65	2022
1380	Movie 380	Horror	1.1	99.29	148	2016
1381	Movie 381	Action	8.6	50	128	2012
1382	Movie 382	Action	9.9	104.84	77	2007
1383	Movie 383	Action	8.7	36.06	72	1995
1384	Movie 384	Comedy	4	107.61	131	2000
1385	Movie 385	Romance	5.6	22.68	86	2006
1386	Movie 386	Romance	7.2	23.84	114	2013
1387	Movie 387	Sci-Fi		14.35	108	2013
1388	Movie 388	Romance	8.2	40.45	131	2000
1389	Movie 389		8.1	149.37	113	1994
1390	Movie 390	Action	6.7	20.19	116	2006
1391	Movie 391	Sci-Fi	5.3	18.55	94	2021
1392	Movie 392	Horror	1.9	131.75	96	2015
1393	Movie 393	Comedy	5.2	4.25	105	2004
1394	Movie 394	Action		194.18	111	2017
1395	Movie 395	Comedy	3.7	41.47	81	2012
1396	Movie 396	Horror	8.2	28.83	117	1997
1397	Movie 397	Drama	2.9	28.75	134	2013
1398	Movie 398	Drama	5.3	127.07	108	2009
1399	Movie 399	Romance	8	197.83	114	2004
1400	Movie 400	Drama	2.4	57.02	92	1999
1401	Movie 401	Horror	3.1	175.95	118	2003
1402	Movie 402	Comedy	4.4	108.16	148	2002
1403	Movie 403	Romance	7.2	167.9	112	2022
1404	Movie 404	Action	1.8	70.84	132	2011
1405	Movie 405	Action	4.3	31.01	109	2020
1406	Movie 406	Comedy		124.48	118	2003
1407	Movie 407	Comedy	8.4	99.98	107	2014
1408	Movie 408	Drama	8.2	52.82	146	2004
1409	Movie 409	Action	2.7	96.55	105	1994
1410	Movie 410	Action	8.4	679.11	112	2020
1411	Movie 411		1.7	165.45	84	2013
1412	Movie 412	Horror	5.1	27.69	91	2005
1413	Movie 413	Romance	8.2	22.49	114	2003
1414	Movie 414	Sci-Fi	5.3	471.87	92	2014
1415	Movie 415	Drama	8.7	120.43	79	2014
1416	Movie 416	Drama	5.5	37.34	126	2010
1417	Movie 417	Action	3.7	39.53	119	2020
1418	Movie 418	Action	4.4	46.05	114	2023
1419	Movie 419	Drama	4.3	91.61	69	1999
1420	Movie 420		6.8	19.67	120	2023
1421	Movie 421	Horror	2.3	122.94	82	1990
1422	Movie 422	Sci-Fi	5.1		82	1991
1423	Movie 423	Romance	8.7	15.85	133	2011
1424	Movie 424	Drama	3.7		89	2021
1425	Movie 425	Action	8	232.41	109	2006
1426	Movie 426	Comedy	9.8	77.88	113	1996
1427	Movie 427	Action	3.9	33.33	113	2009
1428	Movie 428	Sci-Fi		18.11	103	1994
1429	Movie 429	Romance		62.26	80	2003
1430	Movie 430		1.8		137	1991
1431	Movie 431	Horror	2		108	2006
1432	Movie 432	Sci-Fi		64.91	90	2001
1433	Movie 433		6.5	92.02	125	1991
1434	Movie 434	Horror	7.2	213.91	131	1991
1435	Movie 435	Action	4.7		113	2005
1436	Movie 436	Action	7.9		113	1999
1437	Movie 437	Comedy	7.9	24.8	99	2004
1438	Movie 438	Action	5.8	727.21	72	2023
1439	Movie 439	Action	4.2	60.36	109	2009
1440	Movie 440	Romance	6.7	86.84	107	1991
1441	Movie 441	Drama	8.5	233.12	120	1997
1442	Movie 442	Action	5.8	118.45	120	2010
1443	Movie 443	Action	9		125	2007
1444	Movie 444			270.55	108	2009
1445	Movie 445	Action	9.7	11.4	124	2006
1446	Movie 446	Romance	7.9	79.91	126	2021
1447	Movie 447	Romance	1.6	39.4	118	2015
1448	Movie 448	Horror	9.6	211.84	97	1990
1449	Movie 449	Action	4		90	2012
1450	Movie 450	Drama	2.2	64.16	114	2020
1451	Movie 451	Comedy		26.86	87	2010
1452	Movie 452	Action	7.8	192.31	41	1999
1453	Movie 453	Comedy	5.3	80.65	102	2007
1454	Movie 454	Horror	1.9		102	1999
1455	Movie 455	Action			89	1997
1456	Movie 456		1.6	33.75	103	2010
1457	Movie 457	Romance	9.5	98.67	83	2009
1458	Movie 458	Drama	8.7	13.91	78	2012
1459	Movie 459		4	30.13	96	2009
1460	Movie 460	Horror	6.4		95	2013
1461	Movie 461	Comedy	2.4	117.7	91	2010
1462	Movie 462	Sci-Fi	4	13.09	124	2003
1463	Movie 463	Comedy	8	11.8	121	2003
1464	Movie 464	Romance	5.2	17.26	97	1995
1465	Movie 465	Action	6.8	115.46	104	2001
1466	Movie 466	Sci-Fi	5.9	22.26	98	1994
1467	Movie 467	Action		68.28	76	2006
1468	Movie 468	Horror	7	30.18	116	2004
1469	Movie 469		1	11.77	113	2017
1470	Movie 470	Action	6.5	66.54	113	2007
1471	Movie 471		3.3	17.42	98	1992
1472	Movie 472	Action	1.8	50.28	88	2004
1473	Movie 473	Action		52.27	75	2004
1474	Movie 474	Action	1.7	115.05	92	2000
1475	Movie 475	Comedy	6.8	201.77	79	2022
1476	Movie 476	Romance	4.9	335.92	121	1997
1477	Movie 477	Action	8.4	704.49	88	2017
1478	Movie 478	Action	6.6	66.81	81	2003
1479	Movie 479		2.8		103	2012
1480	Movie 480	Horror	8.9		101	2016
1481	Movie 481	Horror	4.2	25.1	79	2013
1482	Movie 482	Comedy	1.3	88.72	107	2008
1483	Movie 483	Drama	3.5	37.81	96	2018
1484	Movie 484	Drama	2.2		108	2017
1485	Movie 485	Sci-Fi	5.6	20	119	1992
1486	Movie 486	Horror	2.6	52.06	79	2019
1487	Movie 487	Drama	5.9	466.71	121	2014
1488	Movie 488	Comedy	4.1	194.97	128	2015
1489	Movie 489	Horror	9.6	312.3	117	1992
1490	Movie 490	Action	4.7		82	2007
1491	Movie 491	Romance	3.7	5.75	85	1993
1492	Movie 492	Romance	4.7	61.61	111	2022
1493	Movie 493	Horror	5.5	45.75	110	1999
1494	Movie 494	Horror	9.9	116.66	120	1999
1495	Movie 495	Comedy	2.3	58.58	120	2003
1496	Movie 496	Sci-Fi	6.7		88	2000
1497	Movie 497	Comedy	2.9	37.09	127	2001
1498	Movie 498	Sci-Fi	7.1	6.18	136	2018
1499	Movie 499	Romance	3.3	107	100	1997
1500	Movie 500	Action	3.9	22.65	92	2012
1501	Movie 501	Action	1.1	13.53	111	2010
1502	Movie 502	Comedy	4.5	23.39	133	1996
1503	Movie 503	Comedy	3.9		87	2020
1504	Movie 504	Sci-Fi	3.6	92.55	84	2003
1505	Movie 505	Comedy	9.4	17.17	121	2010
1506	Movie 506	Action	1.6	41.67	141	2019
1507	Movie 507	Comedy	8.4	29.59	114	1997
1508	Movie 508	Sci-Fi	2.2		122	1996
1509	Movie 509	Action	8.6	16.14	74	2014
1510	Movie 510	Sci-Fi	3.5	95.57	118	2014
1511	Movie 511	Romance	1.1	126.97	92	2016
1512	Movie 512	Romance	2.3	161.17	86	1994
1513	Movie 513	Drama	6.3		103	1992
1514	Movie 514	Action	9	277.86	121	1992
1515	Movie 515	Sci-Fi	4.6	108.39	88	2002
1516	Movie 516	Action		172.32	144	2006
1517	Movie 517	Drama	2.9		118	2016
1518	Movie 518	Drama	6.6	338.21	131	2018
1519	Movie 519	Action	6.3	83.68	114	2007
1520	Movie 520	Action	9.7	48.27	112	2019
1521	Movie 521	Comedy		114.14	85	2020
1522	Movie 522	Drama	6.2	129.42	82	2022
1523	Movie 523		4.8	86.49	121	2016
1524	Movie 524	Horror	7.4	67.37	121	2006
1525	Movie 525	Sci-Fi	2.8	69.56	105	2009
1526	Movie 526	Action	8.1	107.64	120	1991
1527	Movie 527	Sci-Fi	1.2	22.88	83	2009
1528	Movie 528	Action	8.3		84	2022
1529	Movie 529	Horror	2.7	120.44	114	2019
1530	Movie 530	Action	9.4	21.15	59	2015
1531	Movie 531	Horror	7.5	36.05	136	2022
1532	Movie 532	Action		118.27	113	2006
1533	Movie 533	Action		174.36	66	2009
1534	Movie 534	Drama	4.7	228.47	88	2023
1535	Movie 535	Action		157.68	92	1995
1536	Movie 536	Horror		92.8	63	2022
1537	Movie 537	Action	8.5	16.1	98	2009
1538	Movie 538	Horror	9.7	30.54	136	2018
1539	Movie 539	Action	8.2	17.02	113	2020
1540	Movie 540	Sci-Fi	8.6	101.63	81	1996
1541	Movie 541	Horror	6.1	106.74	59	2006
1542	Movie 542	Action	2.4	28.19	103	1993
1543	Movie 543	Sci-Fi	4	271.91	128	1999
1544	Movie 544	Sci-Fi	8.6	101.92	112	1993
1545	Movie 545	Action	6.6	94.09	103	2004
1546	Movie 546	Romance	2.6		125	2009
1547	Movie 547	Drama	8.7	31.49	131	2011
1548	Movie 548	Action	4.5	220.45	101	2013
1549	Movie 549	Horror	5.3	46.79	106	1997
1550	Movie 550	Horror	4	304.72	127	2023
1551	Movie 551	Sci-Fi	4.7	74	97	2012
1552	Movie 552	Drama	1.8	241.09	100	1994
1553	Movie 553	Comedy	5.7	87.88	129	1994
1554	Movie 554	Romance	6	229.19	92	1998
1555	Movie 555	Action	9.6	75.25	119	2022
1556	Movie 556	Drama	7.7	116.19	103	2019
1557	Movie 557	Romance	5.4	88.86	109	2020
1558	Movie 558	Comedy	4.2	33.85	122	1991
1559	Movie 559	Comedy	6.2	107.77	81	1993
1560	Movie 560		2.8	167.15	81	2004
1561	Movie 561	Horror	8.1		108	1993
1562	Movie 562	Action	7.4	49.41	108	2013
1563	Movie 563	Romance		145.4	85	2001
1564	Movie 564	Sci-Fi	4.5	160.14	108	2018
1565	Movie 565	Romance	6.5		123	2020
1566	Movie 566	Sci-Fi	4.4		89	1993
1567	Movie 567	Sci-Fi	1.6	778.66	88	2002
1568	Movie 568	Horror	3.9	456.06	118	2015
1569	Movie 569	Drama	5.9	21.04	106	1995
1570	Movie 570	Action	9.8	70.28	116	2013
1571	Movie 571	Comedy	4.5	10.68	72	2010
1572	Movie 572	Romance		472.05	98	2015
1573	Movie 573	Action	9.6	147.59	99	2001
1574	Movie 574	Sci-Fi	5.9	308.17	118	2018
1575	Movie 575	Action	3.3		101	1996
1576	Movie 576	Horror	7.3	31.93	147	2009
1577	Movie 577	Drama	4.5	288.35	57	2016
1578	Movie 578		6.6	279.74	81	2003
1579	Movie 579	Drama	6.6	137.05	119	2012
1580	Movie 580	Action	5.8	34.76	50	1995
1581	Movie 581	Sci-Fi	8.2	94.03	121	2011
1582	Movie 582	Drama	7.3	802.04	127	2013
1583	Movie 583		5.8	114.65	99	1997
1584	Movie 584	Action	5.2	17.34	92	1994
1585	Movie 585	Romance	4.1	65.98	145	1997
1586	Movie 586	Action		38.34	109	2012
1587	Movie 587	Action	1.8	360.78	144	2019
1588	Movie 588	Action	2.9		56	2016
1589	Movie 589	Action	8.6	44.54	117	2016
1590	Movie 590	Comedy	9.5		104	2006
1591	Movie 591	Romance	1.8	262.56	99	1997
1592	Movie 592	Sci-Fi			112	2007
1593	Movie 593	Romance	5.4	48.18	94	2021
1594	Movie 594	Comedy	6.7	54.84	74	1995
1595	Movie 595	Action	9	50.82	109	2004
1596	Movie 596	Horror	4.9	105.13	78	1996
1597	Movie 597	Horror		131.47	132	1990
1598	Movie 598	Sci-Fi	2.9	56.33	117	2001
1599	Movie 599	Drama			134	1992
1600	Movie 600	Action		29.37	136	2012
1601	Movie 601	Action	7.2	37.91	104	2022
1602	Movie 602	Comedy	4.9	186.77	87	1992
1603	Movie 603	Horror	3.9	197.25	88	1997
1604	Movie 604	Comedy	7.9	412.83	117	2008
1605	Movie 605	Drama	9.3		117	1999
1606	Movie 606	Action		43.29	89	1991
1607	Movie 607	Action	9.2	44.88	68	2001
1608	Movie 608	Action	6.2	162.64	87	2017
1609	Movie 609	Action	5.7		82	2003
1610	Movie 610	Sci-Fi	9.8	159.7	97	2016
1611	Movie 611	Comedy	5.3	46.71	117	2014
1612	Movie 612	Drama	5.3	82.8	84	2004
1613	Movie 613	Action	8.4	502.55	136	2002
1614	Movie 614	Romance	3	18.43	103	2023
1615	Movie 615	Comedy	8.7	115.83	118	1990
1616	Movie 616	Drama	5.4	39	104	1992
1617	Movie 617	Romance	7.5	87.52	121	2017
1618	Movie 618	Action	8.5		102	2000
1619	Movie 619	Drama			126	2011
1620	Movie 620	Action	4.6	175.2	82	2004
1621	Movie 621	Comedy	1.8	53.2	103	2023
1622	Movie 622	Action	2.9	268.6	89	2016
1623	Movie 623	Action	9.9	9.59	120	2011
1624	Movie 624	Comedy	3.2	130.69	73	2012
1625	Movie 625	Drama	8	24.06	105	2013
1626	Movie 626	Comedy	8.3	216.12	104	2006
1627	Movie 627	Action			116	2007
1628	Movie 628	Comedy	9.8	6.49	90	2007
1629	Movie 629	Sci-Fi	6	136.67	101	2018
1630	Movie 630		4.3		103	2015
1631	Movie 631	Sci-Fi	4.2	56.71	123	1992
1632	Movie 632	Action	2	245.8	139	2012
1633	Movie 633	Drama	5	86.59	111	2019
1634	Movie 634	Comedy	5	56.71	139	1990
1635	Movie 635	Horror		116.98	67	1999
1636	Movie 636	Horror	3.9	168.94	100	2020
1637	Movie 637		6	58.99	150	2007
1638	Movie 638	Comedy	6.4	163.12	99	2001
1639	Movie 639	Action	7.1	29.11	116	1997
1640	Movie 640	Action	4.5	71.13	108	2013
1641	Movie 641	Comedy	5.7	121.18	99	1998
1642	Movie 642	Drama	9.7	193.73	133	2003
1643	Movie 643	Comedy		257.22	68	1995
1644	Movie 644	Comedy	3.3		141	1994
1645	Movie 645	Drama	9.7	145.76	102	2003
1646	Movie 646	Comedy	1.2	20.35	102	2004
1647	Movie 647	Action	6	72.26	110	2016
1648	Movie 648	Comedy	9.3	51.09	96	2011
1649	Movie 649	Drama	1.6	333.02	125	2004
1650	Movie 650	Horror	1.8	33.87	119	2020
1651	Movie 651		4.7	47.46	111	1998
1652	Movie 652	Sci-Fi	1.4	32.61	98	2017
1653	Movie 653	Comedy	9.7	14.55	134	1993
1654	Movie 654	Sci-Fi	3.5	36.4	69	2020
1655	Movie 655	Horror	8.3	35.66	99	2023
1656	Movie 656	Action	7.6		83	2008
1657	Movie 657	Sci-Fi	5.7	56.76	127	1993
1658	Movie 658	Action	4.9	61.42	84	2000
1659	Movie 659	Comedy	5.1	22.34	96	1999
1660	Movie 660	Drama	9.1	67.33	102	2006
1661	Movie 661	Horror	9.5	102.15	74	2021
1662	Movie 662	Action	6.5	265.63	110	1994
1663	Movie 663	Action	4.2	15.55	95	1997
1664	Movie 664	Romance	2.6	64.36	103	2001
1665	Movie 665	Romance	8.6		120	2009
1666	Movie 666	Comedy	4.4	515.1	100	2002
1667	Movie 667	Drama	9.7	38.54	96	2010
1668	Movie 668	Action	5.1	49.77	107	1999
1669	Movie 669	Drama	9	60.55	107	1999
1670	Movie 670	Drama		197.83	135	2020
1671	Movie 671	Romance		429.37	139	1992
1672	Movie 672	Romance	6.8	61.69	123	2017
1673	Movie 673	Action	3.1	140.01	74	2011
1674	Movie 674	Sci-Fi	6.5	249.07	114	2000
1675	Movie 675		1.3	24.52	92	1993
1676	Movie 676	Comedy	8.8	49.48	93	2016
1677	Movie 677	Drama	4.9	136.27	102	2021
1678	Movie 678	Comedy	9.6	29.4	76	2015
1679	Movie 679	Comedy	3.7	68.87	131	2000
1680	Movie 680	Action	2.9	52.3	77	2019
1681	Movie 681	Horror	2.2		100	1991
1682	Movie 682	Comedy	2		95	2019
1683	Movie 683	Action	1.1	31.69	93	1991
1684	Movie 684	Action	5.3	316.02	101	2002
1685	Movie 685	Action	2.4		128	2004
1686	Movie 686	Horror	5	22.36	118	1993
1687	Movie 687	Action	8.2	237.2	71	2014
1688	Movie 688	Comedy	3.9	40.17	84	2013
1689	Movie 689	Action		26.25	106	1991
1690	Movie 690	Action	4.3		80	1993
1691	Movie 691	Comedy	6.4		100	1995
1692	Movie 692	Horror	7.7	118.04	98	2015
1693	Movie 693	Drama	2.6	346	87	2021
1694	Movie 694	Romance	4.6	48.93	136	2008
1695	Movie 695	Horror	1.7	46.72	101	1992
1696	Movie 696	Sci-Fi	1.9	3.41	96	1990
1697	Movie 697	Action	9	186.76	84	2022
1698	Movie 698	Romance	2.7	161.98	113	2013
1699	Movie 699	Sci-Fi	2.6	34.48	126	2009
1700	Movie 700	Romance	9.5	104.57	87	2018
1701	Movie 701	Horror	9.3	16.08	105	1991
1702	Movie 702	Action	8.1	17.88	98	2009
1703	Movie 703	Sci-Fi	1.1	59.58	103	2007
1704	Movie 704	Comedy	8.7	247.06	94	1990
1705	Movie 705	Action		118.48	125	2006
1706	Movie 706	Comedy	2.5	7.36	138	2022
1707	Movie 707	Drama	4.6	4.71	115	1995
1708	Movie 708	Horror	9	96.59	104	2015
1709	Movie 709	Sci-Fi	7.9		89	2019
1710	Movie 710	Action	4.8	92.05	100	2017
1711	Movie 711	Sci-Fi	7.6	138.97	142	2008
1712	Movie 712	Action	8	58.22	130	2001
1713	Movie 713	Comedy	10		98	1990
1714	Movie 714	Sci-Fi	3.7	20.45	117	2015
1715	Movie 715	Sci-Fi	3.6	71.27	141	1998
1716	Movie 716	Action	2.9	213.41	143	2007
1717	Movie 717		2.7	78.49	118	2015
1718	Movie 718	Action	3.2	260.62	102	1992
1719	Movie 719	Action	2.8	76.79	93	2014
1720	Movie 720	Sci-Fi	8.6	58.63	106	1998
1721	Movie 721	Comedy	8.5	206.91	122	1994
1722	Movie 722	Horror	5.3	287.1	113	2013
1723	Movie 723	Comedy	3.4	87.78	101	2005
1724	Movie 724	Comedy	8.6	480.49	123	2019
1725	Movie 725	Action	9.2	854.43	117	1992
1726	Movie 726	Sci-Fi	1	127.62	131	2022
1727	Movie 727	Drama	6.8	48.73	74	2019
1728	Movie 728	Romance	8.1		115	1999
1729	Movie 729	Action	9.7	345.52	91	2013
1730	Movie 730	Drama	4.6	19.36	111	2009
1731	Movie 731	Action		118.18	89	2004
1732	Movie 732	Action	8	428.15	134	2017
1733	Movie 733	Sci-Fi	5.7	651.42	115	1997
1734	Movie 734	Romance	9.3	297.91	94	2002
1735	Movie 735	Action	7.5	611.43	110	2008
1736	Movie 736	Sci-Fi	1	47.64	105	2006
1737	Movie 737	Horror	3.9	201.85	104	1994
1738	Movie 738	Sci-Fi	9.4	175.24	109	2010
1739	Movie 739	Action	8.8	76.79	98	1990
1740	Movie 740	Comedy	8.8	510.96	94	2020
1741	Movie 741	Action	6.9	62.1	111	2001
1742	Movie 742	Romance	6.4		71	2013
1743	Movie 743	Romance		62.7	123	1992
1744	Movie 744	Action	1.6	212.56	87	2018
1745	Movie 745	Comedy	8.6	13.07	118	2015
1746	Movie 746	Action	8.4	55.39	118	2001
1747	Movie 747	Sci-Fi	2.5	325.33	96	2004
1748	Movie 748	Action	7.4	60.61	93	2009
1749	Movie 749	Horror	4.3	56.43	128	2015
1750	Movie 750	Comedy	7	239.82	99	2015
1751	Movie 751	Action	4.2	44.39	86	2001
1752	Movie 752	Horror			91	2022
1753	Movie 753	Action	1.6	43.8	71	2000
1754	Movie 754	Horror	8.1	42.78	103	2004
1755	Movie 755	Comedy	7.9	61.63	72	2002
1756	Movie 756	Romance	9.5	141.34	140	1992
1757	Movie 757	Drama	4.6	88.68	90	2005
1758	Movie 758	Action	6.4	23.6	130	2017
1759	Movie 759	Horror	7.5	145.92	107	1995
1760	Movie 760	Comedy	3	184.87	68	2010
1761	Movie 761	Action	2.7	33.76	109	2015
1762	Movie 762	Horror	1.9		86	2014
1763	Movie 763	Action	1.9	84.67	115	2022
1764	Movie 764	Action	5.3	79.52	78	2023
1765	Movie 765	Comedy	1.2	193.6	102	2000
1766	Movie 766		8.9	65.12	86	1994
1767	Movie 767	Romance	9.3	47.61	99	2010
1768	Movie 768	Horror	2.5	127.43	105	2020
1769	Movie 769	Drama	9.7	37.32	99	2006
1770	Movie 770	Romance	7.8	27.99	122	1991
1771	Movie 771	Drama	7.1	60.69	90	2012
1772	Movie 772	Comedy	7.4	29.89	67	2001
1773	Movie 773	Romance			105	2016
1774	Movie 774	Action	5.1		57	2001
1775	Movie 775	Action	5.8	96.39	108	2009
1776	Movie 776	Action	1.8	67.51	107	2011
1777	Movie 777	Horror	4.8	168.4	89	2001
1778	Movie 778	Horror	5.2	42.76	124	1991
1779	Movie 779	Romance	4.7	51.35	100	2007
1780	Movie 780	Action	2.8	22.2	115	1995
1781	Movie 781	Action	6.1	119.7	98	2021
1782	Movie 782	Action	4	31.27	78	2001
1783	Movie 783	Drama	2.6	18.72	122	2002
1784	Movie 784	Sci-Fi	8.8	43.62	90	2010
1785	Movie 785	Romance	8.8	29.46	104	1996
1786	Movie 786	Comedy	6.8	199.77	104	2016
1787	Movie 787	Drama	2.1	24.89	95	2012
1788	Movie 788	Sci-Fi	4.9	3.02	111	2006
1789	Movie 789	Sci-Fi	2.4		99	1995
1790	Movie 790	Romance	1.3	38.73	111	2010
1791	Movie 791	Romance	6.2		97	2008
1792	Movie 792	Drama	5.8	31.67	133	2009
1793	Movie 793	Drama	2.9	6.67	127	1996
1794	Movie 794	Drama	7.3	207.4	113	2013
1795	Movie 795	Sci-Fi	3	93.72	105	2000
1796	Movie 796	Romance	3.1	22.29	107	2017
1797	Movie 797	Romance	7	572.9	100	2012
1798	Movie 798	Romance	6.2	17.13	92	2022
1799	Movie 799	Action	6.7	270.51	102	2011
1800	Movie 800	Romance	1.8	10.79	80	2016
1801	Movie 801	Drama	7	59.48	111	1990
1802	Movie 802	Romance	2.6	48.08	95	1994
1803	Movie 803	Comedy	2.7	23.7	133	2003
1804	Movie 804	Comedy		65.6	108	1999
1805	Movie 805	Drama		200.55	147	2020
1806	Movie 806	Comedy	7.1	36.96	128	2006
1807	Movie 807	Action	2.1		130	2014
1808	Movie 808	Comedy	5	76.65	131	2014
1809	Movie 809	Comedy		35.82	104	2019
1810	Movie 810	Comedy	8.3	55.36	134	1999
1811	Movie 811	Horror	3.9	1312.36	87	2013
1812	Movie 812	Sci-Fi	8	81.89	103	2018
1813	Movie 813		6.7	96.96	140	1999
1814	Movie 814	Drama	2.4	286.66	77	2021
1815	Movie 815	Action	6.6		91	1991
1816	Movie 816	Drama	6.7	29.13	80	2023
1817	Movie 817	Action	4.5	497.05	98	2022
1818	Movie 818	Action	3.7	40.08	119	2003
1819	Movie 819	Comedy	7.1	72.24	102	1991
1820	Movie 820	Action	9.8		88	2020
1821	Movie 821	Comedy	8.3	26.09	83	2005
1822	Movie 822	Action	6.3	25.44	101	2014
1823	Movie 823	Action	2.1	150.61	146	1994
1824	Movie 824	Action	5.2	70.16	115	2016
1825	Movie 825	Sci-Fi	1.1	7.44	129	1996
1826	Movie 826	Romance	5.5	93.79	105	1999
1827	Movie 827	Romance		42.1	98	2005
1828	Movie 828	Drama	8.1	71.35	125	2012
1829	Movie 829	Action		50.06	118	2018
1830	Movie 830	Action	8.2	52.02	102	2017
1831	Movie 831	Action	4.1	71.38	96	2021
1832	Movie 832		8.5	134.19	144	1991
1833	Movie 833	Romance	4.2		93	2017
1834	Movie 834	Action	8.7	38.71	127	2008
1835	Movie 835	Action		57.16	82	2021
1836	Movie 836	Drama			146	2023
1837	Movie 837	Action	4.3	51.83	130	2008
1838	Movie 838	Drama		30.16	93	1994
1839	Movie 839	Horror	5.8		160	2020
1840	Movie 840	Drama	1.6	149.76	94	2010
1841	Movie 841	Comedy	2.5	150.95	102	2011
1842	Movie 842	Horror	1.5		131	2021
1843	Movie 843	Sci-Fi	9.3	53.84	98	2001
1844	Movie 844	Comedy	8.1	32.25	99	2007
1845	Movie 845	Action	5.7	184.56	103	1999
1846	Movie 846	Comedy	1.9	849.92	127	2018
1847	Movie 847	Sci-Fi	9.3	26.3	94	2016
1848	Movie 848	Action	7.7	752.18	93	2014
1849	Movie 849	Sci-Fi	1.4	54.04	101	1999
1850	Movie 850	Comedy	3	70.24	98	2000
1851	Movie 851	Horror	8.5	156.36	110	2006
1852	Movie 852	Romance	9.4	1215.44	128	2023
1853	Movie 853	Sci-Fi	4.7		128	1997
1854	Movie 854	Action	2.4	28.5	98	1992
1855	Movie 855	Action	4.5	19.06	127	2001
1856	Movie 856	Comedy	5.7	247.17	90	2004
1857	Movie 857	Romance	9.9	121.82	81	2007
1858	Movie 858	Romance	4.6	22.31	117	2012
1859	Movie 859	Horror	5.1	82.81	111	2000
1860	Movie 860	Drama	6.1	304.33	92	2004
1861	Movie 861	Drama	6.9	76.93	105	2001
1862	Movie 862	Drama	1.4	56.3	118	2004
1863	Movie 863	Romance	4.9	27.52	127	1990
1864	Movie 864	Sci-Fi	2.6	124.39	103	1996
1865	Movie 865	Romance	8.7	121.28	99	1991
1866	Movie 866	Action	6.7	461.52	99	2020
1867	Movie 867	Drama	7	301.79	107	2017
1868	Movie 868	Horror	8.4	57.76	120	2005
1869	Movie 869	Comedy	7	67.74	94	2006
1870	Movie 870	Sci-Fi	9.7	18.83	142	2010
1871	Movie 871	Action	3.7	58.09	107	1996
1872	Movie 872	Romance	3.9	125.45	136	2016
1873	Movie 873	Drama	7.5	46.25	82	1991
1874	Movie 874	Sci-Fi	1.9	29.97	153	2016
1875	Movie 875	Action	7.1	105.44	97	2007
1876	Movie 876	Romance	6.5	43.92	89	2022
1877	Movie 877	Drama	8.1	106.41	98	2006
1878	Movie 878	Sci-Fi	9.9	127.13	122	2009
1879	Movie 879	Sci-Fi	6.9	12.66	132	2012
1880	Movie 880		7.1	82.83	100	2003
1881	Movie 881	Drama	2.8	265.7	99	2012
1882	Movie 882		2.5	99.55	111	2004
1883	Movie 883	Sci-Fi	8.6	75.36	121	2023
1884	Movie 884	Romance		84.38	118	1998
1885	Movie 885	Sci-Fi	3.1	67.48	56	2014
1886	Movie 886	Action		21.68	127	2015
1887	Movie 887	Sci-Fi	8.9	34	103	2012
1888	Movie 888	Romance	2.3	29.79	104	1992
1889	Movie 889	Drama	1.5	97.44	108	2010
1890	Movie 890	Romance	1.5	136.84	126	2001
1891	Movie 891	Action	6.1	21.97	107	2008
1892	Movie 892	Action		63.13	133	2021
1893	Movie 893	Comedy	6.3	45.11	120	1998
1894	Movie 894	Action	3		157	2000
1895	Movie 895	Action	6	119.39	128	2019
1896	Movie 896	Sci-Fi	5.4	78.07	98	2010
1897	Movie 897	Action	7.6	45.32	102	2008
1898	Movie 898	Action	8.1	66.36	129	2008
1899	Movie 899	Comedy	5	115.84	113	2021
1900	Movie 900	Drama	7.1	391.01	99	2000
1901	Movie 901	Horror	3.4	503.82	103	2007
1902	Movie 902	Drama	3.3	194.85	108	2017
1903	Movie 903	Romance	6	237.48	66	1995
1904	Movie 904	Horror	4.4	16.7	133	2002
1905	Movie 905	Sci-Fi	7.5	81.04	147	1996
1906	Movie 906	Comedy	5.5	25.06	134	2014
1907	Movie 907	Comedy	7	77.09	105	2012
1908	Movie 908	Horror			135	1994
1909	Movie 909	Action	2.8	226.19	133	1996
1910	Movie 910	Action	8.8	289.93	88	2014
1911	Movie 911	Comedy	3.5	72.67	108	2021
1912	Movie 912	Romance	7.7	131.57	106	1998
1913	Movie 913	Comedy		69.74	91	2016
1914	Movie 914	Action	2.5	94.43	112	1990
1915	Movie 915	Sci-Fi	8.4	40.01	114	2010
1916	Movie 916	Horror	4.7		112	2009
1917	Movie 917		5.9	35.71	121	2005
1918	Movie 918	Action	10	24.56	105	1997
1919	Movie 919	Comedy	5.6	24.08	118	2016
1920	Movie 920	Horror	1.9	129.15	107	2014
1921	Movie 921	Romance	6	102.84	105	2009
1922	Movie 922	Sci-Fi		62.9	90	2014
1923	Movie 923	Sci-Fi	2.5	190.75	90	1998
1924	Movie 924	Action		38.9	111	1994
1925	Movie 925	Horror	9.4	11.57	95	1995
1926	Movie 926	Sci-Fi	8.6	214.69	95	2001
1927	Movie 927	Action	2.7		149	2012
1928	Movie 928	Romance	8.4	115.13	91	2019
1929	Movie 929		7.8	59.24	102	1999
1930	Movie 930	Romance	1.7	86.03	115	2011
1931	Movie 931	Romance	4.3	19.5	82	1990
1932	Movie 932	Horror		324.92	126	2007
1933	Movie 933	Action	5.6		102	1994
1934	Movie 934	Horror	9.1	100.7	128	1991
1935	Movie 935	Horror	8.3	566.72	130	2010
1936	Movie 936	Romance	6.4	121.72	110	1994
1937	Movie 937	Action	3.4	119.49	117	2004
1938	Movie 938	Comedy		63.05	68	1993
1939	Movie 939	Sci-Fi	6.2	108.53	147	2021
1940	Movie 940	Drama	4.6	145.26	93	1997
1941	Movie 941	Action		71.33	83	2009
1942	Movie 942	Action	5.1	144.25	72	1998
1943	Movie 943	Comedy	3.4	227.85	93	1992
1944	Movie 944	Romance	7.2		126	2002
1945	Movie 945	Drama	9.5	58.82	103	2023
1946	Movie 946	Romance		403.01	117	2021
1947	Movie 947	Romance	3.9	37.28	96	1992
1948	Movie 948	Horror	7.3	531.17	120	2009
1949	Movie 949	Romance	3.2	121.48	80	2005
1950	Movie 950	Drama	3.4	132.34	111	2008
1951	Movie 951	Drama	7.7	29.41	83	2022
1952	Movie 952	Action	4.1	84.82	85	2013
1953	Movie 953	Romance	9.2	59.89	50	2008
1954	Movie 954	Action	1.3		103	2019
1955	Movie 955	Action	1.6	111.19	104	2020
1956	Movie 956	Romance	4.5	68.01	109	2022
1957	Movie 957	Sci-Fi	2.6	71.4	99	2000
1958	Movie 958	Action	9.6	337.27	109	2015
1959	Movie 959	Action		124.5	129	2019
1960	Movie 960	Action	1.9	33.09	115	2005
1961	Movie 961	Horror	7	171.54	133	2011
1962	Movie 962	Comedy	6.7	338.36	97	1998
1963	Movie 963	Sci-Fi	6.6	55.97	105	2018
1964	Movie 964	Comedy	4.1	49.3	92	2011
1965	Movie 965	Action	1.5		95	1995
1966	Movie 966	Comedy	9.6	84.45	101	1990
1967	Movie 967	Drama	2.2	233.08	109	2015
1968	Movie 968	Action	2.4	71.6	115	2020
1969	Movie 969	Comedy		466.82	86	1995
1970	Movie 970	Action	8.5	49.73	89	2002
1971	Movie 971	Drama	7.5	275.95	91	2008
1972	Movie 972	Action	6		99	2022
1973	Movie 973	Sci-Fi	9.3	223.82	89	2010
1974	Movie 974	Comedy	7.5	72.47	130	2000
1975	Movie 975	Comedy	9.1	52.51	96	2021
1976	Movie 976	Comedy	6.5	56.36	137	2016
1977	Movie 977	Horror	8.8	205.45	109	2004
1978	Movie 978	Horror	6.7	341.86	125	1993
1979	Movie 979	Sci-Fi	5.2	169.3	99	1996
1980	Movie 980			329.63	102	2016
1981	Movie 981	Drama	4.9		132	2012
1982	Movie 982	Drama	8.5	216.87	105	2000
1983	Movie 983	Sci-Fi		38.12	70	2012
1984	Movie 984	Sci-Fi	7.4	21.73	71	2001
1985	Movie 985	Comedy	5.3	43.76	153	2003
1986	Movie 986	Horror	1.2	157.62	86	2003
1987	Movie 987	Horror	2.2	223.53	107	1992
1988	Movie 988	Horror	1.9	34.28	101	1999
1989	Movie 989	Romance	5.3	49.35	84	2011
1990	Movie 990	Horror	3.2	300.36	116	2021
1991	Movie 991	Action	8		115	1995
1992	Movie 992	Drama	6.8	105.13	117	1999
1993	Movie 993	Comedy	7.8	145.92	94	2021
1994	Movie 994	Romance	7.8	23.98	93	2006
1995	Movie 995	Comedy	9.1	32.84	137	2008
1996	Movie 996	Sci-Fi			108	2017
1997	Movie 997	Horror	8.8	68.93	92	2018
1998	Movie 998	Romance	7.5	290.91	108	2011
1999	Movie 999	Horror	3.5		96	2018
2000	Movie 1000	Horror		112.59	132	2018
Movie_ID	Title	Genre	Rating	Revenue_Millions	Duration_Minutes	Year